LOAD COMB 101 LOAD CMBINATION 101-SLS
1 1.0 2 1.0 3 1.0 4 1.0 5 1.0 6 1.0 7 1.0 21 1.0 23 1.0 31 1.0 32 1.0 41 1.0 
LOAD COMB 102 COMBINATION LOAD CASE 102- EQU
1 1.35 2 1.35 3 1.35 4 1.35 5 1.35 6 1.5 7 1.5 2201 1.35 2401 1.35 31 1.35 -
32 1.35 4201 1.5
LOAD COMB 103 COMBINATION LOAD CASE 103-ULS C1
1 1.35 2 1.35 3 1.35 4 1.35 5 1.35 6 1.5 7 1.5 2202 1.35 2402 1.35 31 1.35 -
32 1.35 4202 1.5
LOAD COMB 104 COMBINATION LOAD CASE 104-ULS C2
1 1.35 2 1.35 3 1.35 4 1.35 5 1.35 6 1.5 7 1.5 2203 1.35 2403 1.35 31 1.35 -
32 1.35 4203 1.5
LOAD COMB 111 COMBINATION LOAD CASE 111
1 1.0 2 1.0 3 1.0 4 1.0 5 1.0 6 1.0 8 1.0 21 1.0 23 1.0 31 1.0 32 1.0 41 1.0 
LOAD COMB 112 COMBINATION LOAD CASE 112
1 1.35 2 1.35 3 1.35 4 1.35 5 1.35 6 1.5 8 1.5 2201 1.35 2401 1.35 31 1.35 -
32 1.35 4201 1.5
LOAD COMB 113 COMBINATION LOAD CASE 113
1 1.35 2 1.35 3 1.35 4 1.35 5 1.35 6 1.5 8 1.5 2202 1.35 2402 1.35 31 1.35 -
32 1.35 4202 1.5 
LOAD COMB 114 COMBINATION LOAD CASE 114
1 1.35 2 1.35 3 1.35 4 1.35 5 1.35 6 1.5 8 1.5 2203 1.35 2403 1.35 31 1.35 -
32 1.35 4203 1.5
LOAD COMB 121 COMBINATION LOAD CASE 121
1 1.0 2 1.0 3 1.0 4 1.0 5 1.0 11 1.0 21 1.0 23 1.0 31 1.0 32 1.0 41 1.0  
LOAD COMB 122 COMBINATION LOAD CASE 122
1 1.35 2 1.35 3 1.35 4 1.35 5 1.35 11 1.5 2201 1.35 2401 1.35 31 1.35 -
32 1.35 4201 1.5
LOAD COMB 123 COMBINATION LOAD CASE 123
1 1.35 2 1.35 3 1.35 4 1.35 5 1.35 11 1.5 2202 1.35 2402 1.35 31 1.35 -
32 1.35 4202 1.5 
LOAD COMB 124 COMBINATION LOAD CASE 124
1 1.35 2 1.35 3 1.35 4 1.35 5 1.35 11 1.5 2203 1.35 2403 1.35 31 1.35 -
32 1.35 4203 1.5
LOAD COMB 201 COMBINATION LOAD CASE 201
1 1.0 2 1.0 3 1.0 4 1.0 5 1.0 21 1.0 23 1.0 31 1.0 32 1.0 41 1.0  
LOAD COMB 202 COMBINATION LOAD CASE 202
1 1.35 2 1.35 3 1.35 4 1.35 5 1.35 2201 1.35 2401 1.35 31 1.35 -
32 1.35 4201 1.5
LOAD COMB 203 COMBINATION LOAD CASE 203
1 1.35 2 1.35 3 1.35 4 1.35 5 1.35 2202 1.35 2402 1.35 31 1.35 -
32 1.35 4202 1.5 
LOAD COMB 204 COMBINATION LOAD CASE 204
1 1.35 2 1.35 3 1.35 4 1.35 5 1.35 2203 1.35 2403 1.35 31 1.35 -
32 1.35 4203 1.5
LOAD COMB 301 COMBINATION LOAD CASE 301
1 1.0 2 1.0 3 1.0 4 1.0 5 1.0 6 1.0 7 1.0 25 1.0 31 1.0 32 1.0   
LOAD COMB 302 COMBINATION LOAD CASE 302
1 1.35 2 1.35 3 1.35 4 1.35 5 1.35 6 1.5 7 1.5 2601 1.0 31 1 32 1.35 
LOAD COMB 303 COMBINATION LOAD CASE 303
1 1.35 2 1.35 3 1.35 4 1.35 5 1.35 6 1.5 7 1.5 2602 1.0 31 1 32 1.35 
LOAD COMB 304 COMBINATION LOAD CASE 304
1 1.35 2 1.35 3 1.35 4 1.35 5 1.35 6 1.5 7 1.5 2603 1.0 31 1 32 1.35 
LOAD COMB 311 COMBINATION LOAD CASE 311
1 1.0 2 1.0 3 1.0 4 1.0 5 1.0 6 1.0 8 1.0 25 1.0 31 1.0 32 1.0  
LOAD COMB 312 COMBINATION LOAD CASE 312
1 1.35 2 1.35 3 1.35 4 1.35 5 1.35 6 1.5 8 1.5 2601 1.0 31 1 32 1.35 
LOAD COMB 313 COMBINATION LOAD CASE 313
1 1.35 2 1.35 3 1.35 4 1.35 5 1.35 6 1.5 8 1.5 2602 1.0 31 1 32 1.35
LOAD COMB 314 COMBINATION LOAD CASE 314
1 1.35 2 1.35 3 1.35 4 1.35 5 1.35 6 1.5 8 1.5 2601 1.0 31 1 32 1.35
LOAD COMB 321 COMBINATION LOAD CASE 321
1 1.0 2 1.0 3 1.0 4 1.0 5 1.0 11 1.0  25 1.0 31 1.0 32 1.0  
LOAD COMB 322 COMBINATION LOAD CASE 322
1 1.35 2 1.35 3 1.35 4 1.35 5 1.35 11 1.5 2601 1.0 31 1 32 1.35  
LOAD COMB 323 COMBINATION LOAD CASE 323
1 1.35 2 1.35 3 1.35 4 1.35 5 1.35 11 1.5 2602 1.0 31 1 32 1.35 
LOAD COMB 324 COMBINATION LOAD CASE 324
1 1.35 2 1.35 3 1.35 4 1.35 5 1.35 11 1.5 2603 1.0 31 1 32 1.35
*LC4-W
LOAD COMB 401 COMBINATION LOAD CASE 401
1 1.0 2 1.0 3 1.0 4 1.0 5 1.0 6 1.0 7 1.0 12 1.0 23 1.0 27 1.0 31 1.0 32 1.0 -
43 1.0 51 1.0
LOAD COMB 402 COMBINATION LOAD CASE 402
1 1.35 2 1.35 3 1.35 4 1.35 5 1.35 6 1.5 7 1.5 12 1.5 2401 1.35 2801 1.35 -
31 1.35 32 1.35 4401 1.5 51 1.35 
LOAD COMB 403 COMBINATION LOAD CASE 403
1 1.35 2 1.35 3 1.35 4 1.35 5 1.35 6 1.5 7 1.5 12 1.5 2402 1.35 2802 1.35 -
31 1.35 32 1.35 4402 1.5 51 1.35 
LOAD COMB 404 COMBINATION LOAD CASE 404
1 1.35 2 1.35 3 1.35 4 1.35 5 1.35 6 1.5 7 1.5 12 1.5 2403 1.35 2803 1.35 -
31 1.35 32 1.35 4403 1.5 51 1.35 
LOAD COMB 411 COMBINATION LOAD CASE 411
1 1.0 2 1.0 3 1.0 4 1.0 5 1.0 6 1.0 8 1.0 12 1.0 23 1.0 27 1.0 31 1.0 32 1.0 -
43 1.0 51 1.0
LOAD COMB 412 COMBINATION LOAD CASE 412
1 1.35 2 1.35 3 1.35 4 1.35 5 1.35 6 1.5 8 1.5 12 1.5 2401 1.35 2801 1.35 -
31 1.35 32 1.35 4401 1.5 51 1.35 
LOAD COMB 413 COMBINATION LOAD CASE 413
1 1.35 2 1.35 3 1.35 4 1.35 5 1.35 6 1.5 8 1.5 12 1.5 2402 1.35 2802 1.35 -
31 1.35 32 1.35 4402 1.5 51 1.35 
LOAD COMB 414 COMBINATION LOAD CASE 414
1 1.35 2 1.35 3 1.35 4 1.35 5 1.35 6 1.5 8 1.5 12 1.5 2403 1.35 2803 1.35 -
31 1.35 32 1.35 4403 1.5 51 1.35 
LOAD COMB 421 COMBINATION LOAD CASE 421
1 1.0 2 1.0 3 1.0 4 1.0 5 1.0 11 1.0 12 1.0 23 1.0 27 1.0 31 1.0 32 1.0 -
43 1.0 51 1.0 
LOAD COMB 422 COMBINATION LOAD CASE 422
1 1.35 2 1.35 3 1.35 4 1.35 5 1.35 11 1.5 12 1.5 2401 1.35 2801 1.35 -
31 1.35 32 1.35 4401 1.5 51 1.35  
LOAD COMB 423 COMBINATION LOAD CASE 423
1 1.35 2 1.35 3 1.35 4 1.35 5 1.35 11 1.5 12 1.5 2402 1.35 2802 1.35 -
31 1.35 32 1.35 4402 1.5 51 1.35 
LOAD COMB 424 COMBINATION LOAD CASE 424
1 1.35 2 1.35 3 1.35 4 1.35 5 1.35 11 1.5 12 1.5 2403 1.35 2803 1.35 -
31 1.35 32 1.35 4403 1.5 51 1.35 
LOAD COMB 501 COMBINATION LOAD CASE 501
1 1.0 2 1.0 3 1.0 4 1.0 5 1.0 9 1.0 12 1.0 23 1.0 27 1.0 31 1.0 32 1.0 -
43 1.0 51 1.0 
LOAD COMB 502 COMBINATION LOAD CASE 502
1 1.0 2 1.0 3 1.0 4 1.0 5 1.0 9 1.5 12 1.5 2401 1.35 2801 1.35 31 1.35 32 1.35 -
4401 1.35 51 1.35  
LOAD COMB 503 COMBINATION LOAD CASE 503
1 1.0 2 1.0 3 1.0 4 1.0 5 1.0 9 1.5 12 1.5 2402 1.35 2802 1.35 31 1.35 32 1.35 -
4402 1.35 51 1.35 
LOAD COMB 504 COMBINATION LOAD CASE 504
1 1.0 2 1.0 3 1.0 4 1.0 5 1.0 9 1.5 12 1.5 2403 1.35 2803 1.35 31 1.35 32 1.35 -
4403 1.35 51 1.35
LOAD COMB 511 COMBINATION LOAD CASE 511
1 1.0 2 1.0 3 1.0 4 1.0 5 1.0 10 1.0 12 1.0 23 1.0 27 1.0 31 1.0 32 1.0 -
43 1.0 51 1.0 
LOAD COMB 512 COMBINATION LOAD CASE 512
1 1.0 2 1.0 3 1.0 4 1.0 5 1.0 10 1.5 12 1.5 2401 1.35 2801 1.35 31 1.35 32 1.35 -
4401 1.35 51 1.35  
LOAD COMB 513 COMBINATION LOAD CASE 513
1 1.0 2 1.0 3 1.0 4 1.0 5 1.0 10 1.5 12 1.5 2402 1.35 2802 1.35 31 1.35 32 1.35 -
4402 1.35 51 1.35 
LOAD COMB 514 COMBINATION LOAD CASE 514
1 1.0 2 1.0 3 1.0 4 1.0 5 1.0 10 1.5 12 1.5 2403 1.35 2803 1.35 31 1.35 32 1.35 -
4403 1.35 51 1.35
LOAD COMB 601 COMBINATION LOAD CASE 601
1 1.0 2 1.0 3 1.0 4 1.0 5 1.0 9 1.0 12 1.0 27 1.0 31 1.0 32 1.0 -
43 1.0 52 1.0
LOAD COMB 602 COMBINATION LOAD CASE 602
1 1.0 2 1.0 3 1.0 4 1.0 5 1.0 9 1.5 12 1.5 2801 1.35 3001 1.35 31 1.35 32 1.35 -
4401 1.35 52 1.35 
LOAD COMB 603 COMBINATION LOAD CASE 603
1 1.0 2 1.0 3 1.0 4 1.0 5 1.0 9 1.5 12 1.5 2801 1.35 3001 1.35 31 1.35 32 1.35 -
4401 1.35 52 1.35 
LOAD COMB 604 COMBINATION LOAD CASE 604
1 1.0 2 1.0 3 1.0 4 1.0 5 1.0 9 1.5 12 1.5 2802 1.35 3002 1.35 31 1.35 32 1.35 -
4402 1.35 52 1.35 
LOAD COMB 611 COMBINATION LOAD CASE 611
1 1.0 2 1.0 3 1.0 4 1.0 5 1.0 10 1.0 12 1.0 27 1.0 31 1.0 32 1.0 -
43 1.0 52 1.0  
LOAD COMB 612 COMBINATION LOAD CASE 612
1 1.0 2 1.0 3 1.0 4 1.0 5 1.0 10 1.5 12 1.5 2801 1.35 31 1.35 32 1.35 -
4401 1.35 52 1.35 
LOAD COMB 613 COMBINATION LOAD CASE 613
1 1.0 2 1.0 3 1.0 4 1.0 5 1.0 10 1.5 12 1.5 2802 1.35 31 1.35 32 1.35 -
4401 1.35 52 1.35  
LOAD COMB 614 COMBINATION LOAD CASE 614
1 1.0 2 1.0 3 1.0 4 1.0 5 1.0 10 1.5 12 1.5 2803 1.35 31 1.35 32 1.35 4401 1.35 52 1.35 